function a = Zeros_J
 a = [0
   0.024048255576958
   0.055200781102863
   0.086537279129110
   0.117915344390143
   0.149309177084878
   0.180710639679109
   0.212116366298793
   0.243524715307493
   0.274934791320403
   0.306346064684320
   0.337758202135736
   0.369170983536640
   0.400584257646282
   0.431997917131767
   0.463411883716618
   0.494826098973978
   0.526240518411150
   0.557655107550200
   0.589069839260809
   0.620484691902272
   0.651899648002069
   0.683314693298568
   0.714729816035937
   0.746145006437018
   0.777560256303880
   0.808975558711376
   0.840390907769382
   0.871806298436412
   0.903221726372105
   0.934637187819448
   0.966052679509963
   0.997468198586806
   1.028883742541948
   1.060299309164516
   1.091714896498054
   1.123130502804949
   1.154546126536669
   1.185961766308725
   1.217377420879510
   1.248793089132330
   1.280208770060083
   1.311624462752139
   1.343040166383054
   1.374455880202843
   1.405871603528543
   1.437287335736897
   1.468703076257966
   1.500118824569548
   1.531534580192279
   1.562950342685335
   1.594366111642632
   1.625781886689467
   1.657197667479550
   1.688613453692358
   1.720029245030782
   1.751445041219027
   1.782860842000738
   1.814276647137310
   1.845692456406387
   1.877108269600494
   1.908524086525815
   1.939939907001091
   1.971355730856614
   2.002771557933324
   2.034187388081986
   2.065603221162445
   2.097019057042941
   2.128434895599495
   2.159850736715340
   2.191266580280406
   2.222682426190843
   2.254098274348593
   2.285514124660989
   2.316929977040386
   2.348345831403833
   2.379761687672757
   2.411177545772680
   2.442593405632957
   2.474009267186529
   2.505425130369700
   2.536840995121931
   2.568256861385644
   2.599672729106045
   2.631088598230955
   2.662504468710659
   2.693920340497761
   2.725336213547050
   2.756752087815375
   2.788167963261531
   2.819583839846150
   2.850999717531596
   2.882415596281877
   2.913831476062552
   2.945247356840650
   2.976663238584590
   3.008079121264112
   3.039495004850206
   3.070910889315051
   3.102326774631950
   3.133742660775279
   3.165158547720429
   3.196574435443762
   3.227990323922555
   3.259406213134967
   3.290822103059986
   3.322237993677396
   3.353653884967741
   3.385069776912285
   3.416485669492981
   3.447901562692440
   3.479317456493902
   3.510733350881206
   3.542149245838764
   3.573565141351537
   3.604981037405011
   3.636396933985170
   3.667812831078483
   3.699228728671875
   3.730644626752713
   3.762060525308785
   3.793476424328285
   3.824892323799793
   3.856308223712264
   3.887724124055006
   3.919140024817674
   3.950555925990249
   3.981971827563028
   4.013387729526616
   4.044803631871904
   4.076219534590069
   4.107635437672553
   4.139051341111063
   4.170467244897552
   4.201883149024216
   4.233299053483480
   4.264714958267996
   4.296130863370627
   4.327546768784446
   4.358962674502723
   4.390378580518925
   4.421794486826699
   4.453210393419877
   4.484626300292460
   4.516042207438617
   4.547458114852677
   4.578874022529128
   4.610289930462605
   4.641705838647888
   4.673121747079900
   4.704537655753699
   4.735953564664471
   4.767369473807533
   4.798785383178323
   4.830201292772397
   4.861617202585427
   4.893033112613193
   4.924449022851590
   4.955864933296609
   4.987280843944346
   5.018696754790994
   5.050112665832841
   5.081528577066267
   5.112944488487741
   5.144360400093816
   5.175776311881133
   5.207192223846409
   5.238608135986445
   5.270024048298115
   5.301439960778367
   5.332855873424221
   5.364271786232770
   5.395687699201169
   5.427103612326644
   5.458519525606484
   5.489935439038036
   5.521351352618712
   5.552767266345982
   5.584183180217369
   5.615599094230458
   5.647015008382880
   5.678430922672325
   5.709846837096531
   5.741262751653284
   5.772678666340425
   5.804094581155830
   5.835510496097433
   5.866926411163202
   5.898342326351156
   5.929758241659354
   5.961174157085893
   5.992590072628912
   6.024005988286588
   6.055421904057138
   6.086837819938813
   6.118253735929903
   6.149669652028729
   6.181085568233650
   6.212501484543054
   6.243917400955367
   6.275333317469042
   6.306749234082564
   6.338165150794449
   6.369581067603240
   6.400996984507514
   6.432412901505867
   6.463828818596930
   6.495244735779357
   6.526660653051830
   6.558076570413053
   6.589492487861759
   6.620908405396700
   6.652324323016656
   6.683740240720429
   6.715156158506840
   6.746572076374735
   6.777987994322984
   6.809403912350472
   6.840819830456109
   6.872235748638820
   6.903651666897557
   6.935067585231285
   6.966483503638988
   6.997899422119673
   7.029315340672358
   7.060731259296086
   7.092147177989908
   7.123563096752900
   7.154979015584149
   7.186394934482762
   7.217810853447857
   7.249226772478572
   7.280642691574056
   7.312058610733475
   7.343474529956008
   7.374890449240849
   7.406306368587203
   7.437722287994293
   7.469138207461351
   7.500554126987624
   7.531970046572372
   7.563385966214867
   7.594801885914389
   7.626217805670236
   7.657633725481714
   7.689049645348141
   7.720465565268846
   7.751881485243169
   7.783297405270463
   7.814713325350087
   7.846129245481411
   7.877545165663819
   7.908961085896701
   7.940377006179459
   7.971792926511503
   8.003208846892251
   8.034624767321136
   8.066040687797589
   8.097456608321060
   8.128872528891007
   8.160288449506886
   8.191704370168175
   8.223120290874350
   8.254536211624901
   8.285952132419320
   8.317368053257113
   8.348783974137788
   8.380199895060866
   8.411615816025867
   8.443031737032326
   8.474447658079784
   8.505863579167782
   8.537279500295876
   8.568695421463623
   8.600111342670591
   8.631527263916347
   8.662943185200474
   8.694359106522555
   8.725775027882177
   8.757190949278939
   8.788606870712442
   8.820022792182293
   8.851438713688106
   8.882854635229497
   8.914270556806093
   8.945686478417521
   8.977102400063417
   9.008518321743418
   9.039934243457170
   9.071350165204322
   9.102766086984529
   9.134182008797447
   9.165597930642743
   9.197013852520085
   9.228429774429143
   9.259845696369599
   9.291261618341128
   9.322677540343422
   9.354093462376166
   9.385509384439059
   9.416925306531796];
a = a*100;
end